@relation predict_ec

@attribute EcOrigin double
@attribute A&BSol double
@attribute EcChange double

@data
220,2,439
659,2,409
1062,2,375
1437,2,347
1784,2,328
2112,2,201
2760,2,255
3015,2,366
3381,2,290
111,2,653
653,1,213
866,1,197
1053,1,175
1228,1,182
1410,1,146
1556,1,192
1748,1,171
1919,1,155
2217,1,151
2368,1,122
2490,1,177
2667,1,125
2792,1,223
3015,1,110
3125,1,205
3320,1,105
3425,1,109
3534,1,113
3647,1,113
214,3,548
762,3,560
1322,3,371
1693,3,391
2212,3,379
2591,3,301
220,4,864
1084,4,716
1800,4,513
2313,4,648
2961,4,686
216,5,1039
1255,5,829
2084,2,152
2236,5,889
221,2,236
457,6,1127
1584,6,866
2450,6,975
224,7,1374
1598,7,1039
2637,7,1059
431,2,373
3846,4,459
804,1,199
1003,1,154
1157,3,420
1577,1,207
1784,1,293
221,4,824
1045,2,456
221,6,1280
1501,2,192
221,8,1472
221,10,1838
213,0.4,100
313,0.4,64
377,0.4,98
475,0.8,141
616,0.4,97
713,0.3,73
786,0.3,60
846,0.3,51
897,0.4,91
1189,1.2,192
1381,1.2,182
1563,1.2,170
1733,1.2,188
1921,1.2,148
2069,1.2,71
2140,1.2,57
2197,1.2,161
2358,1.2,96